00000000000000000000000000000000000000000000000000000000000000000000000000000000000000
00000000000000000000000000000000000000000000000000000000000000000000000000000000000000
00000000000000000000000000000000000000000000000000000000000000000000000000000000000000
00000000000000000000000000000000000000000000000000000000000000000000000000000000000000
00000000000000000000000000000000000000000000000000000000000000000000000000000000000000
00000000000000000000000000000000000000000000000000000000000000000000000000000000000000
00000000001111111111111110111110000001111100011111111111100000111111111110000000000000
00000000011111111111111110111110000001111100011111111111100000111111111110000000000000
00000000001111111111111110111111100111111101111111111111111011111111111111110000000000
00000000000000000000111110111111100111111101111100000011111011111000000111110000000000
00000000000000000000111110111111111111111101111100000011111011111000000111110000000000
00000000000000000000111110111111111111111101111100000011111000000000000111110000000000
00000000000011111111111110111111111111111101111100000011111011111111100111110000000000
00000000000011111111111110111110011001111101111100000011111011111111100111110000000000
00000000000011111111111110111110011001111101111111111111111011111111100111110000000000
00000000000000000000111110111110000001111101111111111111111011111000000111110000000000
00000000000000000000111110111110000001111101111111111111111011111000000111110000000000
00000000000000000000111110111110000001111101111100000011111011111000000111110000000000
00000000001100000000111110111110000001111101111100000011111011111000000111110000000000
00000000011111111111111110111110000001111101111100000011111000111111111111000000000000
00000000011111111111111110111110000001111101111100000011111000111111111110000000000000
00000000000000000000000000000000000000000000000000000000000000000000000000000000000000
00000000000000000000000000000000000000000000000000000000000000000000000000000000000000
01111100000000000000000000000000000000000000000000000000000000000000000000000000000000
01111100000000000000000000000000000000000000000000000000000000000000000000000000000000
01111111000000000000111111111111100111111111111111001111100000111110000111111111110000
01111111000000000000111111111111100111111111111111001111100000111110000111111111110000
01111111000000000011111111111111100111111111111111001111100000111110011111111111111100
01111111000000000011111000001111100000000000011111001111100000111110011110000001111100
01111111110000000011111000001111100000000000011111001111100000111110011110000001111100
00011111110000000011111000001111100000000000011111001111100000111110011110000001111100
00011111110000000011111000001111100001111111111111001111100000111110011110000001111100
00000111110000000011111000000111100001111111111111001111100000111110011111000001111100
00000111110000000011111111111111100001111111111111001111111011111110011111000001111100
00000000000000000000111111111111100000000000011111000011111011111000011110000001111100
00000000001111000000111111111111100000000000011111000011111111111000011110000001111100
00000000011111000000111110000111100000000000011111000000111111100000011110000001111100
00000000011111000011111110001111100111111111111111000000111111100000011111111111111100
00000000011111000011111000001111100111111111111111000000001110000000000111111111110000
00000000011111000011111000001111100111111111111111000000001110000000000111111111110000
00000000000000000000000000000000000000000000000000000000000000000000000000000000000000
00000000000000000000000000000000000000000000000000000000000000000000000000000000000000
00000000000000000000000000000000000000000000000000000000000000000000000000000000000000
00000000000000000000000000000000000000000000000000000000000000000000000000000000000000
00000000000000000000000000000000000000000000000000000000000000000000000000000000000000
00000000000000000000000000000000000000000000000000000000000000000000000000000000000000
00000000000000000000000000000000000000000000000000000000000000000000000000000000000000
00000000000000000000000000000000000000000000000000000000000000000000000000000000000000
