+---------------------------------------------------------------------------------------------------------------------------------------------------------------------------------------------------------------------------------------+
; Legal Partition Candidates                                                                                                                                                                                                            ;
+----------------------------------+-------+----------------+--------------+----------------+--------+-----------------+---------------+-----------------+-------+----------------+--------------+------------------+-------------------+
; Hierarchy                        ; Input ; Constant Input ; Unused Input ; Floating Input ; Output ; Constant Output ; Unused Output ; Floating Output ; Bidir ; Constant Bidir ; Unused Bidir ; Input only Bidir ; Output only Bidir ;
+----------------------------------+-------+----------------+--------------+----------------+--------+-----------------+---------------+-----------------+-------+----------------+--------------+------------------+-------------------+
; renderer|rot                     ; 21    ; 9              ; 0            ; 9              ; 19     ; 9               ; 9             ; 9               ; 0     ; 0              ; 0            ; 0                ; 0                 ;
; renderer|readImages              ; 0     ; 12000          ; 0            ; 12000          ; 12000  ; 12000           ; 12000         ; 12000           ; 0     ; 0              ; 0            ; 0                ; 0                 ;
; renderer|animation_clk_divider_2 ; 2     ; 0              ; 1            ; 0              ; 1      ; 0               ; 0             ; 0               ; 0     ; 0              ; 0            ; 0                ; 0                 ;
; renderer|animation_clk_divider   ; 2     ; 0              ; 1            ; 0              ; 1      ; 0               ; 0             ; 0               ; 0     ; 0              ; 0            ; 0                ; 0                 ;
; renderer                         ; 2433  ; 813            ; 4            ; 813            ; 12     ; 813             ; 813           ; 813             ; 0     ; 0              ; 0            ; 0                ; 0                 ;
; ghost1_control                   ; 26    ; 1              ; 19           ; 1              ; 0      ; 1               ; 1             ; 1               ; 21    ; 0              ; 2            ; 0                ; 2                 ;
; clyde                            ; 772   ; 0              ; 0            ; 0              ; 21     ; 0               ; 0             ; 0               ; 19    ; 0              ; 0            ; 0                ; 0                 ;
; player_control                   ; 774   ; 0              ; 0            ; 0              ; 0      ; 0               ; 0             ; 0               ; 789   ; 0              ; 0            ; 0                ; 0                 ;
; char_clk_divider                 ; 2     ; 0              ; 1            ; 0              ; 1      ; 0               ; 0             ; 0               ; 0     ; 0              ; 0            ; 0                ; 0                 ;
; vga_sm                           ; 2     ; 0              ; 0            ; 0              ; 23     ; 0               ; 0             ; 0               ; 0     ; 0              ; 0            ; 0                ; 0                 ;
; clk_divider                      ; 1     ; 0              ; 0            ; 0              ; 1      ; 0               ; 0             ; 0               ; 0     ; 0              ; 0            ; 0                ; 0                 ;
+----------------------------------+-------+----------------+--------------+----------------+--------+-----------------+---------------+-----------------+-------+----------------+--------------+------------------+-------------------+
